  2.36697522963148E-0316
  6.71558954847018E-0001
  9.95184726672197E-0001
  8.03207531480645E-0001
  1.95090322016128E-0001
 -5.14102744193222E-0001
 -9.56940335732209E-0001
 -9.03989293123443E-0001
 -3.82683432365090E-0001
  3.36889853392220E-0001
  8.81921264348355E-0001
  9.70031253194544E-0001
  5.55570233019602E-0001
 -1.46730474455362E-0001
 -7.73010453362737E-0001
 -9.98795456205172E-0001
-7.07106781186548E-0001
 -4.90676743274180E-0002
  6.34393284163645E-0001
  9.89176509964781E-0001
  8.31469612302545E-0001
  2.42980179903264E-0001
 -4.71396736825998E-0001
 -9.41544065183021E-0001
 -9.23879532511287E-0001
 -4.27555093430282E-0001
  2.90284677254462E-0001
  8.57728610000272E-0001
  9.80785280403230E-0001
  5.95699304492433E-0001
 -9.80171403295606E-0002
 -7.40951125354959E-0001
 -1.00000000000000E+0000
 -7.40951125354959E-0001
 -9.80171403295606E-0002
  5.95699304492433E-0001
  9.80785280403230E-0001
  8.57728610000272E-0001
 2.90284677254462E-0001
 -4.27555093430282E-0001
 -9.23879532511287E-0001
 -9.41544065183021E-0001
 -4.71396736825998E-0001
  2.42980179903264E-0001
  8.31469612302545E-0001
  9.89176509964781E-0001
  6.34393284163645E-0001
 -4.90676743274180E-0002
 -7.07106781186548E-0001
 -9.98795456205172E-0001
 -7.73010453362737E-0001
 -1.46730474455362E-0001
  5.55570233019602E-0001
  9.70031253194544E-0001
  8.81921264348355E-0001
  3.36889853392220E-0001
 -3.82683432365090E-0001
 -9.03989293123443E-0001
 -9.56940335732209E-0001
 -5.14102744193222E-0001
  1.95090322016128E-0001
  8.03207531480645E-0001
  9.95184726672197E-0001
  6.71558954847018E-0001
 -1.89735380184963E-0018
 -6.71558954847018E-0001
 -9.95184726672197E-0001
 -8.03207531480645E-0001
 -1.95090322016128E-0001
  5.14102744193222E-0001
  9.56940335732209E-0001
 9.03989293123443E-0001
  3.82683432365090E-0001
 -3.36889853392220E-0001
 -8.81921264348355E-0001
 -9.70031253194544E-0001
 -5.55570233019602E-0001
  1.46730474455362E-0001
  7.73010453362737E-0001
  9.98795456205172E-0001
  7.07106781186548E-0001
  4.90676743274180E-0002
 -6.34393284163645E-0001
 -9.89176509964781E-0001
 -8.31469612302545E-0001
 -2.42980179903264E-0001
  4.71396736825998E-0001
  9.41544065183021E-0001
  9.23879532511287E-0001
  4.27555093430282E-0001
 -2.90284677254462E-0001
 -8.57728610000272E-0001
 -9.80785280403230E-0001
 -5.95699304492433E-0001
  9.80171403295606E-0002
  7.40951125354959E-0001
  1.00000000000000E+0000
  7.40951125354959E-0001
  9.80171403295606E-0002
 -5.95699304492433E-0001
 -9.80785280403230E-0001
 -8.57728610000272E-0001
 -2.90284677254462E-0001
  4.27555093430282E-0001
  9.23879532511287E-0001
  9.41544065183021E-0001
  4.71396736825998E-0001
 -2.42980179903264E-0001
 -8.31469612302545E-0001
 -9.89176509964781E-0001
 -6.34393284163645E-0001
  4.90676743274180E-0002
  7.07106781186548E-0001
 9.98795456205172E-0001
  7.73010453362737E-0001
  1.46730474455362E-0001
 -5.55570233019602E-0001
 -9.70031253194544E-0001
 -8.81921264348355E-0001
 -3.36889853392220E-0001
  3.82683432365090E-0001
  9.03989293123443E-0001
  9.56940335732209E-0001
  5.14102744193222E-0001
 -1.95090322016128E-0001
 -8.03207531480645E-0001
 -9.95184726672197E-0001
 -6.71558954847018E-0001
  3.79470760369927E-0018
  6.71558954847018E-0001
  9.95184726672197E-0001
  8.03207531480645E-0001
  1.95090322016128E-0001
 -5.14102744193222E-0001
 -9.56940335732209E-0001
 -9.03989293123443E-0001
 -3.82683432365090E-0001
  3.36889853392220E-0001
  8.81921264348355E-0001
  9.70031253194544E-0001
  5.55570233019602E-0001
 -1.46730474455362E-0001
 -7.73010453362737E-0001
 -9.98795456205172E-0001
 -7.07106781186548E-0001
 -4.90676743274180E-0002
  6.34393284163645E-0001
  9.89176509964781E-0001
  8.31469612302545E-0001
  2.42980179903264E-0001
 -4.71396736825998E-0001
 -9.41544065183021E-0001
 -9.23879532511287E-0001
 -4.27555093430282E-0001
  2.90284677254462E-0001
  8.57728610000272E-0001
  9.80785280403230E-0001
  5.95699304492433E-0001
 -9.80171403295606E-0002
 -7.40951125354959E-0001
 -1.00000000000000E+0000
 -7.40951125354959E-0001
 -9.80171403295606E-0002
  5.95699304492433E-0001
  9.80785280403230E-0001
  8.57728610000272E-0001
  2.90284677254462E-0001
 -4.27555093430282E-0001
 -9.23879532511287E-0001
 -9.41544065183021E-0001
 -4.71396736825998E-0001
  2.42980179903264E-0001
  8.31469612302545E-0001
  9.89176509964781E-0001
  6.34393284163645E-0001
 -4.90676743274180E-0002
 -7.07106781186548E-0001
 -9.98795456205172E-0001
 -7.73010453362737E-0001
 -1.46730474455362E-0001
  5.55570233019602E-0001
  9.70031253194544E-0001
  8.81921264348355E-0001
  3.36889853392220E-0001
 -3.82683432365090E-0001
 -9.03989293123443E-0001
 -9.56940335732209E-0001
 -5.14102744193222E-0001
  1.95090322016128E-0001
  8.03207531480645E-0001
  9.95184726672197E-0001
  6.71558954847018E-0001
 -1.26309553094561E-0017
 -6.71558954847018E-0001
 -9.95184726672197E-0001
 -8.03207531480645E-0001
 -1.95090322016128E-0001
  5.14102744193222E-0001
  9.56940335732209E-0001
  9.03989293123443E-0001
  3.82683432365090E-0001
 -3.36889853392220E-0001
 -8.81921264348355E-0001
 -9.70031253194544E-0001
 -5.55570233019602E-0001
  1.46730474455362E-0001
  7.73010453362737E-0001
  9.98795456205172E-0001
  7.07106781186548E-0001
  4.90676743274180E-0002
-6.34393284163645E-0001
 -9.89176509964781E-0001
 -8.31469612302545E-0001
 -2.42980179903264E-0001
  4.71396736825998E-0001
  9.41544065183021E-0001
  9.23879532511287E-0001
  4.27555093430282E-0001
 -2.90284677254462E-0001
 -8.57728610000272E-0001
 -9.80785280403230E-0001
 -5.95699304492433E-0001
  9.80171403295606E-0002
  7.40951125354959E-0001
  1.00000000000000E+0000
  7.40951125354959E-0001
  9.80171403295606E-0002
 -5.95699304492433E-0001
 -9.80785280403230E-0001
 -8.57728610000272E-0001
 -2.90284677254462E-0001
  4.27555093430282E-0001
  9.23879532511287E-0001
  9.41544065183021E-0001
  4.71396736825998E-0001
 -2.42980179903264E-0001
 -8.31469612302545E-0001
 -9.89176509964781E-0001
 -6.34393284163645E-0001
  4.90676743274180E-0002
  7.07106781186548E-0001
  9.98795456205172E-0001
  7.73010453362737E-0001
  1.46730474455362E-0001
 -5.55570233019602E-0001
 -9.70031253194544E-0001
 -8.81921264348355E-0001
 -3.36889853392220E-0001
  3.82683432365090E-0001
  9.03989293123443E-0001
  9.56940335732209E-0001
  5.14102744193222E-0001
 -1.95090322016128E-0001
 -8.03207531480645E-0001
 -9.95184726672197E-0001
 -6.71558954847018E-0001
  7.58941520739853E-0018
  6.71558954847018E-0001
  9.95184726672197E-0001
  8.03207531480645E-0001
  1.95090322016128E-0001
 -5.14102744193222E-0001
 -9.56940335732209E-0001
 -9.03989293123443E-0001
 -3.82683432365090E-0001
  3.36889853392220E-0001
  8.81921264348355E-0001
  9.70031253194544E-0001
  5.55570233019602E-0001
 -1.46730474455362E-0001
 -7.73010453362737E-0001
 -9.98795456205172E-0001
 -7.07106781186548E-0001
 -4.90676743274180E-0002
  6.34393284163645E-0001
  9.89176509964781E-0001
  8.31469612302545E-0001
  2.42980179903264E-0001
 -4.71396736825998E-0001
 -9.41544065183021E-0001
 -9.23879532511287E-0001
 -4.27555093430282E-0001
  2.90284677254462E-0001
  8.57728610000272E-0001
  9.80785280403230E-0001
  5.95699304492433E-0001
 -9.80171403295606E-0002
 -7.40951125354959E-0001
 -1.00000000000000E+0000
 -7.40951125354959E-0001
 -9.80171403295606E-0002
  5.95699304492433E-0001
  9.80785280403230E-0001
  8.57728610000272E-0001
  2.90284677254462E-0001
 -4.27555093430282E-0001
 -9.23879532511287E-0001
 -9.41544065183021E-0001
 -4.71396736825998E-0001
  2.42980179903264E-0001
  8.31469612302545E-0001
  9.89176509964781E-0001
  6.34393284163645E-0001
 -4.90676743274180E-0002
 -7.07106781186548E-0001
 -9.98795456205172E-0001
 -7.73010453362737E-0001
 -1.46730474455362E-0001
  5.55570233019602E-0001
  9.70031253194544E-0001
  8.81921264348355E-0001
  3.36889853392220E-0001
 -3.82683432365090E-0001
-9.03989293123443E-0001
 -9.56940335732209E-0001
 -5.14102744193222E-0001
  1.95090322016128E-0001
  8.03207531480645E-0001
  9.95184726672197E-0001
  6.71558954847018E-0001
 -2.54787510534094E-0018
 -6.71558954847018E-0001
 -9.95184726672197E-0001
 -8.03207531480645E-0001
 -1.95090322016128E-0001
  5.14102744193222E-0001
  9.56940335732209E-0001
  9.03989293123443E-0001
  3.82683432365090E-0001
 -3.36889853392220E-0001
 -8.81921264348355E-0001
 -9.70031253194544E-0001
 -5.55570233019602E-0001
  1.46730474455362E-0001
  7.73010453362737E-0001
  9.98795456205172E-0001
  7.07106781186547E-0001
  4.90676743274180E-0002
 -6.34393284163645E-0001
 -9.89176509964781E-0001
 -8.31469612302545E-0001
 -2.42980179903264E-0001
 4.71396736825998E-0001
  9.41544065183021E-0001
  9.23879532511287E-0001
  4.27555093430282E-0001
 -2.90284677254462E-0001
 -8.57728610000272E-0001
 -9.80785280403230E-0001
 -5.95699304492433E-0001
  9.80171403295606E-0002
  7.40951125354959E-0001
 1.00000000000000E+0000
 7.40951125354959E-0001
  9.80171403295606E-0002
-5.95699304492433E-0001
-9.80785280403230E-0001
 -8.57728610000272E-0001
 -2.90284677254462E-0001
 4.27555093430282E-0001
  9.23879532511287E-0001
  9.41544065183021E-0001
  4.71396736825998E-0001
 -2.42980179903264E-0001
 -8.31469612302545E-0001
 -9.89176509964781E-0001
 -6.34393284163645E-0001
 4.90676743274180E-0002
  7.07106781186548E-0001
  9.98795456205172E-0001
  7.73010453362737E-0001
  1.46730474455362E-0001
-5.55570233019602E-0001
 -9.70031253194544E-0001
 -8.81921264348355E-0001
 -3.36889853392220E-0001
  3.82683432365090E-0001
  9.03989293123443E-0001
 9.56940335732209E-0001
  5.14102744193222E-0001
 -1.95090322016128E-0001
 -8.03207531480645E-0001
-9.95184726672197E-0001
 -6.71558954847018E-0001
  2.52619106189123E-0017
  6.71558954847018E-0001
  9.95184726672197E-0001
  8.03207531480645E-0001
  1.95090322016128E-0001
 -5.14102744193222E-0001
 -9.56940335732209E-0001
 -9.03989293123443E-0001
 -3.82683432365090E-0001
  3.36889853392220E-0001
  8.81921264348355E-0001
  9.70031253194544E-0001
  5.55570233019602E-0001
 -1.46730474455362E-0001
 -7.73010453362737E-0001
 -9.98795456205172E-0001
 -7.07106781186548E-0001
 -4.90676743274180E-0002
  6.34393284163645E-0001
  9.89176509964781E-0001
  8.31469612302545E-0001
  2.42980179903264E-0001
 -4.71396736825998E-0001
 -9.41544065183021E-0001
 -9.23879532511287E-0001
 -4.27555093430282E-0001
  2.90284677254462E-0001
  8.57728610000272E-0001
 9.80785280403230E-0001
  5.95699304492433E-0001
 -9.80171403295606E-0002
 -7.40951125354959E-0001
 -1.00000000000000E+0000
 -7.40951125354959E-0001
 -9.80171403295606E-0002
 5.95699304492433E-0001
  9.80785280403230E-0001
  8.57728610000272E-0001
  2.90284677254462E-0001
 -4.27555093430282E-0001
-9.23879532511287E-0001
 -9.41544065183021E-0001
 -4.71396736825998E-0001
  2.42980179903264E-0001
  8.31469612302545E-0001
  9.89176509964781E-0001
  6.34393284163645E-0001
 -4.90676743274180E-0002
 -7.07106781186548E-0001
 -9.98795456205172E-0001
 -7.73010453362737E-0001
 -1.46730474455362E-0001
  5.55570233019602E-0001
  9.70031253194544E-0001
  8.81921264348355E-0001
  3.36889853392220E-0001
 -3.82683432365090E-0001
 -9.03989293123443E-0001
 -9.56940335732209E-0001
 -5.14102744193222E-0001
  1.95090322016128E-0001
  8.03207531480645E-0001
  9.95184726672197E-0001
  6.71558954847018E-0001
  7.53520509877426E-0018
 -6.71558954847018E-0001
 -9.95184726672197E-0001
 -8.03207531480645E-0001
 -1.95090322016128E-0001
  5.14102744193222E-0001
  9.56940335732209E-0001
  9.03989293123443E-0001
 3.82683432365090E-0001
 -3.36889853392220E-0001
 -8.81921264348355E-0001
 -9.70031253194544E-0001
 -5.55570233019602E-0001
  1.46730474455362E-0001
  7.73010453362737E-0001
  9.98795456205172E-0001
  7.07106781186548E-0001
  4.90676743274180E-0002
 -6.34393284163645E-0001
 -9.89176509964781E-0001
 -8.31469612302545E-0001
 -2.42980179903264E-0001
  4.71396736825998E-0001
  9.41544065183021E-0001
  9.23879532511287E-0001
  4.27555093430282E-0001
 -2.90284677254462E-0001
 -8.57728610000272E-0001
 -9.80785280403230E-0001
 -5.95699304492433E-0001
  9.80171403295606E-0002
  7.40951125354959E-0001
  1.00000000000000E+0000
  7.40951125354959E-0001
  9.80171403295606E-0002
 -5.95699304492433E-0001
 -9.80785280403230E-0001
 -8.57728610000272E-0001
 -2.90284677254462E-0001
  4.27555093430282E-0001
  9.23879532511287E-0001
  9.41544065183021E-0001
  4.71396736825998E-0001
 -2.42980179903264E-0001
 -8.31469612302545E-0001
 -9.89176509964781E-0001
 -6.34393284163645E-0001
  4.90676743274180E-0002
  7.07106781186548E-0001
  9.98795456205172E-0001
  7.73010453362737E-0001
  1.46730474455362E-0001
 -5.55570233019602E-0001
 -9.70031253194544E-0001
 -8.81921264348355E-0001
 -3.36889853392220E-0001
  3.82683432365090E-0001
  9.03989293123443E-0001
  9.56940335732209E-0001
  5.14102744193222E-0001
 -1.95090322016128E-0001
 -8.03207531480645E-0001
 -9.95184726672197E-0001
 -6.71558954847018E-0001
  1.51788304147971E-0017
